100
1132.87551 61.21122 372.49795
440.799 11.4 179.0
9998.05826 1.49523 99980.61828
276.0 94.4869 1205.7
9998.72162 1.02752 99927.24323
9996.04128 1.19353 99971.51010
9990.02559 1.33252 99955.78733
628.73172 64.22401 156.35993
326.604 50.3 605.50366
9990.54893 1.49576 99965.46470
1.03508 99.88235 99999.91425
634.10547 58.81200 434.66356
9995.34659 1.18536 99986.11007
9419.0 83.0 76397.0
5083.00000 71.00000 5170.00000
9992.24923 1.09854 99923.91058
10000.0 25.4 547.0
1363.1864 35.9379 647.0
9990.11456 1.07645 99973.47778
9995.94586 1.08561 99943.55399
7448.0 95.0 5810.0
674.39723 60.85644 177.68176
1.08522 99.30020 99999.16170
627.32975 35.57054 188.22080
151.73385 17.72656 913.91506
9992.72552 1.32024 99944.69646
9995.20508 1.10781 99967.25956
351.54783 47.07800 926.88766
5264.00000 68.00000 5570.00000
4121.0 30.0 86207.0
9993.97919 1.39897 99901.99801
9993.65698 1.41588 99949.63856
1075.11313 55.48755 184.87715
1068.26934 8.22140 258.87227
554.50428 22.96516 941.13891
519.60855 68.51924 805.64998
694.96346 1.93972 1056.55135
9998.46202 1.09961 99987.39010
454.00000 2.00000 908.00000
387.36486 78.41478 203.55930
1.07624 99.68736 99999.63114
6435.0 67.0 75039.0
12.96373 41.77041 35.17719
977.68719 98.54498 442.05383
518.436 33.0 929.893
7415.00000 30.00000 8100.00000
6740.0 96.0 55570.0
570.9 30.21 259.3
155.1471 32.78 37.7222
9997.46917 1.04455 99963.48200
160.0 85.0 998.6
1373.041 28.4 1066.0
9997.84439 1.47989 99991.15889
9992.96248 1.49069 99990.97097
9993.98494 1.15199 99971.49542
485.21299 31.0 300.56611
5356.0 16.0 11930.0
9995.55975 1.44403 99946.06502
151.78111 40.2047 400.1585
9994.53091 1.16309 99987.86905
1077.9 100.0000 1025.11
9992.96835 1.16475 99937.85592
1316.82157 28.88148 802.41104
5049.0 18.0 82635.0
2053.00000 2.00000 4106.00000
8307.00000 16.00000 8532.00000
9990.51877 1.46899 99972.07056
9992.80004 1.44828 99987.81518
290.0 100.0 74938.0
1.04349 99.69376 99999.45450
9998.32433 1.42209 99950.82211
9997.93588 1.20741 99939.81581
502.0 53.3 803.1980
281.13395 10.19141 381.14967
743.0 4.0 73507.0
9996.33288 1.22216 99920.44106
9997.49316 1.33527 99979.22502
6984.0 43.0 96430.0
8016.0 95.0 72193.0
453.57316 30.22743 749.78540
794.0 43.1631 693.0
1097.65822 86.03370 1147.32433
9993.60247 1.33326 99946.16535
807.13567 40.42704 744.26850
2641.0 58.0 74787.0
179.86234 93.0 100000.0
9889.00000 2.00000 19778.00000
1287.12118 72.94766 573.09060
9992.35150 1.00677 99934.90029
1392.776 30.494 527.0
8570.00000 2.00000 17140.00000
9991.03880 1.41945 99911.86110
5.93 16.6 418.0
494.9 72.0 534.702
2328.0 61.0 24626.0
9994.52793 1.30462 99953.28297
9998.83600 1.16495 99945.01833
9992.62995 1.48667 99952.31035
9998.60725 1.40089 99905.88090
9993.91372 1.20039 99936.86230
