100
408.98048 1.69835 174.53274
491.12225 1.29091 1951.84841
494.79458 1.43271 1967.78057
309.74 1.34 349.78552
429.00000 3.00000 450.00000
42.37922 2.83682 739.41690
56.25393 2.76469 1675.26074
498.27495 1.33125 1902.94133
490.95968 1.21825 1958.87257
63.236 2.3097 1.00000
495.91190 1.28127 1965.92381
492.57207 1.52648 644.72965
193.0 2.0 277.0
108.6 1.06 59.59235
436.48891 2.68201 1307.24692
425.00000 4.00000 474.00000
495.90172 1.34767 1991.76384
174.0 4.0 1097.0
494.08532 1.38379 1975.68044
1.03306 3.63131 1999.03704
495.69538 1.23325 1915.11864
326.16958 3.64014 720.84758
497.89373 1.08578 1968.78501
493.58687 1.07962 1996.82394
283.228 3.0 1384.77556
99.72618 2.18348 1445.24051
67.0 2.0 1328.0
435.0 1.0 326.0
409.94701 2.92399 86.88964
337.4365 1.8 443.0
85.02 1.0 52.676
492.97738 1.15129 1902.74710
166.44767 2.08592 1919.39930
374.0 4.0 1797.0
38.89664 2.09509 363.34530
1.08597 3.45597 1999.11358
493.65232 1.48150 1936.59900
20.0 4.0 1914.0
55.67666 2.31707 1796.65780
292.77210 3.7531 629.0781
389.83843 1.93873 962.26769
14.29639 3.205 2000.00
152.7 2.5809 948.30
492.40912 1.20707 1915.56377
490.01820 1.48604 1998.59027
497.06754 1.17117 1984.23308
362.87590 3.07009 582.81090
463.00000 2.00000 926.00000
354.66467 3.20741 1198.88522
225.0 2.0 1483.0
500.000 1.74500 223.89239
53.0 4.0 744.0
210.00000 2.00000 420.00000
147.0 1.0 770.0
343.0 3.0 1927.0
498.55126 1.01792 1942.65204
432.0 2.5 1312.03
1.0000 2.205 1984.17
1.06884 3.06006 1999.90022
157.8066 3.4 1113.091
495.21406 1.39656 1951.35488
493.65322 1.32221 1913.73864
248.83 4.0 1771.0
497.56964 1.23150 1951.39879
498.53261 1.39362 1921.32811
352.00000 2.00000 704.00000
302.6769 2.9 1952.691
490.67648 1.41350 1915.92419
491.22345 1.35682 1922.21190
101.28532 3.31163 462.04816
492.37674 1.03873 1968.96162
47.60171 3.35209 1794.36306
496.56271 1.06082 1919.45540
305.00000 1.00000 314.00000
368.0 4.0 510.0
256.0 2.0 277.0
176.853 1.6443 179.12
442.17460 1.39 287.0068
495.00948 1.41384 1974.45879
498.99302 1.37196 1953.35527
495.63112 1.09368 1982.60644
493.77093 1.25924 1962.08982
456.00000 4.00000 460.00000
491.33371 1.14347 1943.07618
419.9 1.3 1059.0780
497.71416 1.12521 1992.68400
498.42454 1.24835 1996.48331
492.62694 1.87136 1252.37935
67.46 3.301 521.5005
442.59792 3.45012 333.58547
1.00962 3.77913 2.11208
495.11265 1.45507 1972.58194
493.16523 1.33585 1905.55978
161.0 4.0 1028.0
442.54179 3.16828 1300.66001
1.02238 3.07174 1999.44708
497.25987 1.45474 1942.78106
419.87664 2.25118 652.06092
491.07439 1.34311 1989.02215
335.00000 2.00000 670.00000
