100
455 589 433
512 512 513
620 780 589
821 674 803
651 735 394
503 92 16
948 950 316
5 5 5
753 211 208
3 5 4
859 601 241
5 2 1
897 246 200
103 143 88
180 26 19
150 214 116
45 56 35
264 849 48
140 449 761
810 176 59
673 785 660
3 3 3
512 512 256
513 513 512
125 552 78
587 985 941
643 586 567
792 508 516
166 748 347
5 5 5
3 1 4
3 4 3
146 541 126
1 1 1
592 923 724
435 346 247
1 1 3
1 3 1
374 357 533
482 809 183
604 707 163
4 5 2
2 4 2
660 187 436
768 285 131
819 6 399
267 260 578
824 280 602
2 1 2
470 430 369
4 4 4
329 301 199
290 681 444
576 50 33
363 86 21
1 1 1000
5 1 1
195 736 326
799 565 537
587 12 627
1000 1000 1
2 2 1
677 467 97
5 4 4
63 417 41
325 798 799
597 966 327
395 311 307
1 2 3
290 405 184
721 374 330
200 986 113
5 4 3
1 5 1
156 178 403
603 497 958
513 513 1
285 38 23
247 109 490
315 51 838
240 124 777
513 513 257
714 258 364
375 183 954
513 513 2
218 888 188
513 513 256
1 4 1
461 771 813
831 229 22
3 4 2
7 8 5
843 138 57
636 751 715
638 660 24
4 5 2
512 512 1
924 947 973
512 512 257
512 512 2
